0.0	0.0	7.873862073122073E-8	23590.963851860743	1.0301800891148432E-21
1.0E-14	2.3588997308203373E-10	7.873861389575448E-8	23586.966437548515	0.0
2.0E-14	4.717381454162501E-10	7.87385925065753E-8	23582.597537822585	0.0
3.0E-14	7.075406218591003E-10	7.873855517216841E-8	23577.82063887774	0.0
4.0E-14	9.432931227309376E-10	7.873850036481211E-8	23572.59532812127	0.0
5.0E-14	1.1789909424678556E-9	7.873842640543535E-8	23566.87682538597	0.0
6.0E-14	1.4146289032506748E-9	7.873833144640803E-8	23560.615448458633	0.0
6.999999999999999E-14	1.650201302895553E-9	7.873821345190066E-8	23553.756001766535	0.0
7.999999999999999E-14	1.8857018561688553E-9	7.873807017536947E-8	23546.237075017285	0.0
8.999999999999998E-14	2.1211236285425703E-9	7.873789913362226E-8	23537.99023591758	0.0
9.999999999999998E-14	2.356458961230132E-9	7.873769757679295E-8	23528.939097815753	0.0
1.0999999999999997E-13	2.5916993861289863E-9	7.873746245339E-8	23518.998239072265	0.0
1.1999999999999997E-13	2.826835529036874E-9	7.873719036937724E-8	23508.07194597298	0.0
1.2999999999999998E-13	3.0618569991926716E-9	7.873687753997883E-8	23496.0527448303	0.0
1.3999999999999998E-13	3.2967522628060294E-9	7.873651973255672E-8	23482.81968127784	0.0
1.5E-13	3.5315084977658797E-9	7.873611219846201E-8	23468.236295306066	0.0
1.6E-13	3.766111426134867E-9	7.873564959117894E-8	23452.148228887345	0.0
1.7E-13	4.000545120318565E-9	7.873512586731338E-8	23434.380388611768	0.0
1.8000000000000002E-13	4.234791777912644E-9	7.873453416596459E-8	23414.73356805965	0.0
1.9000000000000002E-13	4.468831459139084E-9	7.873386666067049E-8	23392.98041313402	0.0
2.0000000000000003E-13	4.702641779438134E-9	7.873311437630906E-8	23368.860587843858	0.0
2.1000000000000004E-13	4.936197548134672E-9	7.87322669609013E-8	23342.07496800583	0.0
2.2000000000000005E-13	5.169470342092292E-9	7.87313123989476E-8	23312.278656800667	0.0
2.3000000000000003E-13	5.4024280008603E-9	7.873023664839755E-8	23279.072581636825	0.0
2.4000000000000004E-13	5.635034026989894E-9	7.872902317710767E-8	23241.993402432083	0.0
2.5000000000000005E-13	5.867246871997608E-9	7.872765236597998E-8	23200.50145016405	0.0
2.6000000000000005E-13	6.099019085087436E-9	7.872610073389282E-8	23153.966447334496	0.0
2.7000000000000006E-13	6.330296298712925E-9	7.872433992260296E-8	23101.65088932869	0.0
2.8000000000000007E-13	6.5610160234677676E-9	7.87223353560142E-8	23042.691283782093	0.0
2.900000000000001E-13	6.791106226881637E-9	7.872004445482732E-8	22976.078134956126	0.0
3.000000000000001E-13	7.020483680866677E-9	7.871741424105647E-8	22900.636957738217	0.0
3.100000000000001E-13	7.249052089211297E-9	7.871437810309628E-8	22815.015325285636	0.0
3.200000000000001E-13	7.476700065339506E-9	7.871085140751534E-8	22717.68609080054	0.0
3.300000000000001E-13	7.703299150081588E-9	7.870672553958241E-8	22606.98634791388	0.0
3.400000000000001E-13	7.92870228938062E-9	7.870185984619096E-8	22481.22833807009	0.0
3.500000000000001E-13	8.15274361442023E-9	7.869607089589275E-8	22338.94614048968	0.0
3.6000000000000013E-13	8.37524109816775E-9	7.868911860376476E-8	22179.38268319316	0.0
3.7000000000000014E-13	8.596004816058144E-9	7.868068942072871E-8	22003.366301739927	0.0
3.8000000000000015E-13	8.814855051401504E-9	7.867037859886673E-8	21814.728679356413	0.0
3.9000000000000016E-13	9.031655624617701E-9	7.865767747901548E-8	21622.2460075174	0.0
4.0000000000000016E-13	9.24636624489326E-9	7.864197837716361E-8	21441.508285828146	0.0
4.1000000000000017E-13	9.459108879581333E-9	7.862261653001363E-8	21295.03187348879	0.0
4.200000000000002E-13	9.670223974028742E-9	7.85989658875397E-8	21208.136815204456	0.0
4.300000000000002E-13	9.880272965656368E-9	7.857057844146467E-8	21199.869713617365	0.0
4.400000000000002E-13	1.0089954454311293E-8	7.853730977420625E-8	21273.506396281406	0.0
4.500000000000002E-13	1.0299958322981853E-8	7.849935549519015E-8	21414.457050391025	0.0
4.600000000000002E-13	1.0510834233903029E-8	7.845717644027199E-8	21597.811111747913	0.0
4.700000000000001E-13	1.0722933949961012E-8	7.841136620324823E-8	21798.875839986267	0.0
4.800000000000001E-13	1.0936425905516796E-8	7.836253210715154E-8	21999.49776330529	0.0
4.9E-13	1.1151344710097052E-8	7.831122353048801E-8	22189.025297223343	0.0
5.0E-13	1.1367642906054673E-8	7.825790402867266E-8	22362.53782339346	0.0
5.099999999999999E-13	1.1585230521248104E-8	7.82029501827131E-8	22518.66945088756	0.0
5.199999999999999E-13	1.1804000679196065E-8	7.814666238216436E-8	22657.95896167213	0.0
5.299999999999999E-13	1.202384441250017E-8	7.808927884476771E-8	22781.820640362315	0.0
5.399999999999998E-13	1.2244658396522865E-8	7.80309888801798E-8	22891.970822155046	0.0
5.499999999999998E-13	1.2466348463481024E-8	7.797194402999795E-8	22990.13569914084	0.0
5.599999999999997E-13	1.2688830768711127E-8	7.791226691966789E-8	23077.91762273482	0.0
5.699999999999997E-13	1.29120317345739E-8	7.785205810822204E-8	23156.74531003158	0.0
5.799999999999996E-13	1.3135887413284052E-8	7.779140133022514E-8	23227.865843352145	0.0
5.899999999999996E-13	1.3360342618517462E-8	7.773036749912935E-8	23292.355755077213	0.0
5.999999999999996E-13	1.3585350007677065E-8	7.766901777605852E-8	23351.139405513106	0.0
6.099999999999995E-13	1.3810869202689353E-8	7.760740594032389E-8	23405.008787263974	0.0
6.199999999999995E-13	1.4036865985874017E-8	7.754558024020185E-8	23454.642021093427	0.0
6.299999999999994E-13	1.4263311580137961E-8	7.748358485697912E-8	23500.619418070815	0.0
6.399999999999994E-13	1.4490182008728294E-8	7.742146108065893E-8	23543.43678003462	0.0
6.499999999999994E-13	1.4717457522939787E-8	7.73592482697565E-8	23583.515982265253	0.0
6.599999999999993E-13	1.4945122083110643E-8	7.729698464809221E-8	23621.213038104925	0.0
6.699999999999993E-13	1.5173162877101785E-8	7.723470797658141E-8	23656.823898195325	0.0
6.799999999999992E-13	1.5401569860276284E-8	7.717245612628325E-8	23690.588248861215	0.0
6.899999999999992E-13	1.563033530134319E-8	7.711026756931681E-8	23722.691579937793	0.0
6.999999999999991E-13	1.5859453319204957E-8	7.7048181795877E-8	23753.265813110025	0.0
7.099999999999991E-13	1.6088919397281663E-8	7.69862396579315E-8	23782.38883116011	0.0
7.199999999999991E-13	1.631872986398566E-8	7.692448363294173E-8	23810.083334678977	0.0
7.29999999999999E-13	1.6548881331521747E-8	7.686295799408396E-8	23836.31557805894	0.0
7.39999999999999E-13	1.6779370090489922E-8	7.680170886723389E-8	23860.99469408548	0.0
7.499999999999989E-13	1.7010191465321764E-8	7.674078415008432E-8	23883.9734853221	0.0
7.599999999999989E-13	1.7241339145611013E-8	7.66802332662777E-8	23905.051700701395	0.0
7.699999999999988E-13	1.7472804520645868E-8	7.662010672880197E-8	23923.982865511072	0.0
7.799999999999988E-13	1.7704576057878833E-8	7.656045549372095E-8	23940.485613294404	0.0
7.899999999999988E-13	1.7936638778629873E-8	7.650133009890331E-8	23954.26009969434	0.0
7.999999999999987E-13	1.8168973892929613E-8	7.64427796031379E-8	23965.009413160442	0.0
8.099999999999987E-13	1.8401558656365122E-8	7.638485036753313E-8	23972.46496203051	0.0
8.199999999999986E-13	1.8634366501710142E-8	7.63275847497951E-8	23976.413749168143	0.0
8.299999999999986E-13	1.8867367475340855E-8	7.627101980711337E-8	23976.724497247036	0.0
8.399999999999985E-13	1.910052897439808E-8	7.621518611814745E-8	23973.369076667375	0.0
8.499999999999985E-13	1.9333816740554004E-8	7.616010683317431E-8	23966.43588347561	0.0
8.599999999999985E-13	1.9567196028283253E-8	7.610579704136198E-8	23956.132807468508	0.0
8.699999999999984E-13	1.9800632838689787E-8	7.605226350783872E-8	23942.77905104413	0.0
8.799999999999984E-13	2.003409510091838E-8	7.599950478795413E-8	23926.786904853816	0.0
8.899999999999983E-13	2.0267553694024558E-8	7.594751168169448E-8	23908.63616480478	0.0
8.999999999999983E-13	2.050098322960951E-8	7.589626795679448E-8	23888.844795160843	0.0
9.099999999999983E-13	2.0734362552348397E-8	7.58457512503469E-8	23867.939552374453	0.0
9.199999999999983E-13	2.0967674953308316E-8	7.579593405657154E-8	23846.429692346537	0.0
9.299999999999983E-13	2.120090812261927E-8	7.574678471967108E-8	23824.7858707559	0.0
9.399999999999982E-13	2.1434053889554235E-8	7.569826836994626E-8	23803.42523121925	0.0
9.499999999999982E-13	2.1667107808504713E-8	7.565034776296897E-8	23782.702708572604	0.0
9.599999999999981E-13	2.1900068650215772E-8	7.56029840013259E-8	23762.907886131274	0.0
9.69999999999998E-13	2.2132937851707735E-8	7.555613713382857E-8	23744.266359280402	0.0
9.79999999999998E-13	2.2365718968496548E-8	7.550976663744508E-8	23726.94442588274	0.0
9.89999999999998E-13	2.2598417161512714E-8	7.546383179303624E-8	23711.055970878577	0.0
9.99999999999998E-13	2.2831038740270688E-8	7.541829196835364E-8	23696.670563269974	0.0
1.009999999999998E-12	2.3063590774401148E-8	7.537310682187405E-8	23683.821979359982	0.0
1.0199999999999979E-12	2.329608077809653E-8	7.532823643993251E-8	23672.51656674534	0.0
1.0299999999999978E-12	2.3528516466404713E-8	7.5283641418022E-8	23662.741045764287	0.0
1.0399999999999978E-12	2.3760905578464197E-8	7.52392828955161E-8	23654.469497496662	0.0
1.0499999999999977E-12	2.3993255760411064E-8	7.519512255167886E-8	23647.669406352077	0.0
1.0599999999999977E-12	2.422557449946751E-8	7.515112256973533E-8	23642.306711665336	0.0
1.0699999999999977E-12	2.4457869100315056E-8	7.510724557497854E-8	23638.349879882524	0.0
1.0799999999999976E-12	2.4690146694970835E-8	7.506345455233582E-8	23635.773041331537	0.0
1.0899999999999976E-12	2.4922414277778985E-8	7.501971274845008E-8	23634.55824803808	0.0
1.0999999999999975E-12	2.5154678757609425E-8	7.49759835630991E-8	23634.69690629263	0.0
1.1099999999999975E-12	2.5386947019782204E-8	7.493223043463702E-8	23636.190424109238	0.0
1.1199999999999974E-12	2.5619225990512085E-8	7.4888416724074E-8	23639.050093400874	0.0
1.1299999999999974E-12	2.585152269674289E-8	7.484450560239513E-8	23643.29620339518	0.0
1.1399999999999974E-12	2.6083844314101086E-8	7.480045994575713E-8	23648.956359146934	0.0
1.1499999999999973E-12	2.6316198195369568E-8	7.47562422432938E-8	23656.062960618136	0.0
1.1599999999999973E-12	2.654859187143141E-8	7.471181452242576E-8	23664.649787539114	0.0
1.1699999999999972E-12	2.67810330161696E-8	7.466713829683399E-8	23674.747637294076	0.0
1.1799999999999972E-12	2.701352936648999E-8	7.462217454266095E-8	23686.378981884354	0.0
1.1899999999999972E-12	2.724608858866929E-8	7.45768837091003E-8	23699.551650317306	0.0
1.1999999999999971E-12	2.7478718082877532E-8	7.453122577038348E-8	23714.25160916178	0.0
1.209999999999997E-12	2.7711424719288565E-8	7.448516032730479E-8	23730.435010454148	0.0
1.219999999999997E-12	2.7944214502004188E-8	7.443864676783253E-8	23748.019804974127	0.0
1.229999999999997E-12	2.8177092161400177E-8	7.43916444979115E-8	23766.87737934027	0.0
1.239999999999997E-12	2.8410060681712746E-8	7.434411325497164E-8	23786.824861120687	0.0
1.2499999999999969E-12	2.8643120778819186E-8	7.429601351738392E-8	23807.61893212597	0.0
1.2599999999999969E-12	2.8876270353035795E-8	7.424730702231975E-8	23828.952168269992	0.0
1.2699999999999968E-12	2.9109503952716968E-8	7.419795740110312E-8	23850.45304027813	0.0
1.2799999999999968E-12	2.9342812295231924E-8	7.414793093403062E-8	23871.69070118754	0.0
1.2899999999999967E-12	2.9576181900542097E-8	7.409719741485811E-8	23892.185481169065	0.0
1.2999999999999967E-12	2.980959489647963E-8	7.404573109856037E-8	23911.425542002038	0.0
1.3099999999999966E-12	3.0043029051046837E-8	7.399351168575586E-8	23928.889385628972	0.0
1.3199999999999966E-12	3.027645807323255E-8	7.39405252763305E-8	23944.072914880042	0.0
1.3299999999999966E-12	3.050985219917544E-8	7.388676520800105E-8	23956.51866931919	0.0
1.3399999999999965E-12	3.074317904686008E-8	7.383223268841448E-8	23965.843968418347	0.0
1.3499999999999965E-12	3.0976404684932734E-8	7.377693713668077E-8	23971.764293833483	0.0
1.3599999999999964E-12	3.120949482722436E-8	7.372089617393247E-8	23974.108568327712	0.0
1.3699999999999964E-12	3.144241604230908E-8	7.366413524017567E-8	23972.824084627515	0.0
1.3799999999999963E-12	3.167513686293335E-8	7.360668685949717E-8	23967.970491608983	0.0
1.3899999999999963E-12	3.190762869500823E-8	7.354858961814152E-8	23959.70403869945	0.0
1.3999999999999963E-12	3.2139866456453924E-8	7.348988695100104E-8	23948.254737737927	0.0
1.4099999999999962E-12	3.2371828914973836E-8	7.343062584597223E-8	23933.899877201275	0.0
1.4199999999999962E-12	3.260349873200921E-8	7.337085557160792E-8	23916.93731432142	0.0
1.4299999999999961E-12	3.2834862250429114E-8	7.33106265151877E-8	23897.661319839917	0.0
1.439999999999996E-12	3.3065909082007315E-8	7.324998919195577E-8	23876.342749042036	0.0
1.449999999999996E-12	3.329663155706336E-8	7.318899345832514E-8	23853.214268457312	0.0
1.459999999999996E-12	3.352702409508243E-8	7.312768793734538E-8	23828.46050478538	0.0
1.469999999999996E-12	3.3757082545193546E-8	7.306611964649296E-8	23802.212406304687	0.0
1.479999999999996E-12	3.3986803532576444E-8	7.300433380661058E-8	23774.544818741277	0.0
1.4899999999999959E-12	3.421618383390664E-8	7.294237380589001E-8	23745.476216380714	0.0
1.4999999999999958E-12	3.444521979352758E-8	7.288028129274381E-8	23714.96961298293	0.0
1.5099999999999958E-12	3.467390678291899E-8	7.281809637469596E-8	23682.933830594637	0.0
1.5199999999999957E-12	3.4902238699299694E-8	7.27558579057201E-8	23649.224472269772	0.0
1.5299999999999957E-12	3.513020749456018E-8	7.269360385082912E-8	23613.644093317347	0.0
1.5399999999999957E-12	3.535780272269908E-8	7.263137172363862E-8	23575.941179155805	0.0
1.5499999999999956E-12	3.5585011092065895E-8	7.2569199099917E-8	23535.807612810713	0.0
1.5599999999999956E-12	3.581181600760176E-8	7.250712421792187E-8	23492.874356251934	0.0
1.5699999999999955E-12	3.603819708767589E-8	7.244518668499083E-8	23446.705087529004	0.0
1.5799999999999955E-12	3.626412963998192E-8	7.238342832002354E-8	23396.78754640943	0.0
1.5899999999999954E-12	3.6489584081490556E-8	7.232189417403786E-8	23342.52237094798	0.0
1.5999999999999954E-12	3.671452528924509E-8	7.22606337870778E-8	23283.20930023953	0.0
1.6099999999999954E-12	3.693891187305505E-8	7.219970276092006E-8	23218.030853340813	0.0
1.6199999999999953E-12	3.7162695370180045E-8	7.213916475517236E-8	23146.03411511454	0.0
1.6299999999999953E-12	3.738581938004244E-8	7.207909405165251E-8	23066.11233143838	0.0
1.6399999999999952E-12	3.760821869122107E-8	7.201957888033475E-8	22976.990122301177	0.0
1.6499999999999952E-12	3.782981851631671E-8	7.196072575992982E-8	22877.220128548146	0.0
1.6599999999999951E-12	3.805053406470782E-8	7.190266517224583E-8	22765.206317788234	0.0
1.6699999999999951E-12	3.8270270884787507E-8	7.184555894275354E-8	22639.28241976766	0.0
1.679999999999995E-12	3.848892675079987E-8	7.178960968815856E-8	22497.896449850406	0.0
1.689999999999995E-12	3.87063964250028E-8	7.173507249188161E-8	22339.987071652904	0.0
1.699999999999995E-12	3.8922581442635826E-8	7.168226831821426E-8	22165.681412546215	0.0
1.709999999999995E-12	3.913740804026533E-8	7.16315970903668E-8	21977.46951585106	0.0
1.7199999999999949E-12	3.935085687073205E-8	7.158354514076736E-8	21781.92792854564	0.0
1.7299999999999948E-12	3.9563006474421814E-8	7.153867650953037E-8	21591.680809904105	0.0
1.7399999999999948E-12	3.9774085344415494E-8	7.149759212719797E-8	21426.40094737339	0.0
1.7499999999999948E-12	3.998451239574456E-8	7.146084263002646E-8	21310.602396565	0.0
1.7599999999999947E-12	4.019488970022031E-8	7.142880179718951E-8	21266.465591299857	0.0
1.7699999999999947E-12	4.0405918426442236E-8	7.140154852110787E-8	21303.928437137813	0.0
1.7799999999999946E-12	4.06182569774729E-8	7.137882831082334E-8	21415.144851284163	0.0
1.7899999999999946E-12	4.0832392508295284E-8	7.136012453996875E-8	21578.535803158808	0.0
1.7999999999999946E-12	4.1048588246550526E-8	7.134479389651776E-8	21768.884387670834	0.0
1.8099999999999945E-12	4.126690839634687E-8	7.133219203878949E-8	21965.560180001507	0.0
1.8199999999999947E-12	4.148728033419856E-8	7.132174903639814E-8	22155.327784455036	0.0
1.829999999999995E-12	4.170955654180522E-8	7.131299630164063E-8	22331.371519732453	0.0
1.839999999999995E-12	4.1933559784661384E-8	7.130556402975104E-8	22491.176411575245	0.0
1.849999999999995E-12	4.215911047184599E-8	7.12991662321271E-8	22634.68179178671	0.0
1.8599999999999953E-12	4.2386040878562405E-8	7.129358327473596E-8	22763.047647373198	0.0
1.8699999999999955E-12	4.261420123787086E-8	7.12886462136647E-8	22877.93538907444	0.0
1.8799999999999956E-12	4.284346134872741E-8	7.128422416166419E-8	22981.126249339555	0.0
1.8899999999999958E-12	4.3073709961326096E-8	7.128021460120343E-8	23074.337298969785	0.0
1.899999999999996E-12	4.330485321678257E-8	7.127653613070406E-8	23159.14543732354	0.0
1.909999999999996E-12	4.3536812814206616E-8	7.12731230800835E-8	23236.967228815593	0.0
1.9199999999999963E-12	4.376952423579043E-8	7.126992151146558E-8	23309.065911407273	0.0
1.9299999999999964E-12	4.400293517681615E-8	7.126688622675698E-8	23376.57045429803	0.0
1.9399999999999966E-12	4.423700423394098E-8	7.12639784985491E-8	23440.49905024522	0.0
1.9499999999999967E-12	4.447169986083313E-8	7.126116431508538E-8	23501.78348381172	0.0
1.959999999999997E-12	4.470699958214304E-8	7.125841298452269E-8	23561.292972821102	0.0
1.969999999999997E-12	4.494288945238158E-8	7.125569598188486E-8	23619.857219615744	0.0
1.9799999999999972E-12	4.5179363748976235E-8	7.125298594747576E-8	23678.289021988025	0.0
1.9899999999999974E-12	4.541642489531878E-8	7.125025576076997E-8	23737.407151713334	0.0
1.9999999999999975E-12	4.565408361854848E-8	7.124747762057317E-8	23798.060462606336	0.0
2.0099999999999977E-12	4.589235935768756E-8	7.124462206109512E-8	23861.15442704843	0.0
2.019999999999998E-12	4.61312809506814E-8	7.124165682388321E-8	23927.681572226946	0.0
2.029999999999998E-12	4.637088764430309E-8	7.123854548525878E-8	23998.757624188544	0.0
2.039999999999998E-12	4.6611230489183345E-8	7.123524570389806E-8	24075.665571836566	0.0
2.0499999999999983E-12	4.685237420338133E-8	7.123170689636563E-8	24159.91028278016	0.0
2.0599999999999985E-12	4.709439961035032E-8	7.122786705771492E-8	24253.286557527954	0.0
2.0699999999999987E-12	4.7337406775278245E-8	7.122364829978202E-8	24357.963102139915	0.0
2.079999999999999E-12	4.758151896210096E-8	7.121895044889074E-8	24476.58257961459	0.0
2.089999999999999E-12	4.7826887472857555E-8	7.121364167539588E-8	24612.370616324482	0.0
2.099999999999999E-12	4.807369721675915E-8	7.120754454253811E-8	24769.227129285126	0.0
2.1099999999999993E-12	4.832217226501062E-8	7.120041496695384E-8	24951.72476200791	0.0
2.1199999999999994E-12	4.857257916702306E-8	7.119191034079542E-8	25164.82446045736	0.0
2.1299999999999996E-12	4.882522232148407E-8	7.118154181689509E-8	25412.865114479988	0.0
2.1399999999999998E-12	4.9080418090959686E-8	7.116860632955214E-8	25696.899361578933	0.0
2.15E-12	4.933842001155412E-8	7.115210276488867E-8	26008.836135134425	0.0
2.16E-12	4.959924991945573E-8	7.113067075124483E-8	26321.370512901423	0.0
2.1700000000000002E-12	4.9862405331566653E-8	7.11026730031133E-8	26578.404656509312	0.0
2.1800000000000004E-12	5.012656489462786E-8	7.106662347301175E-8	26703.925832453682	0.0
2.1900000000000006E-12	5.038970188711518E-8	7.102195145320923E-8	26646.371636721113	0.0
2.2000000000000007E-12	5.064985634123922E-8	7.0969454636734E-8	26425.901565446406	0.0
2.210000000000001E-12	5.090591595824583E-8	7.0910847432088E-8	26118.70721128257	0.0
2.220000000000001E-12	5.11576918769169E-8	7.084793349428992E-8	25796.827843534636	0.0
2.230000000000001E-12	5.140553532758735E-8	7.078214172882361E-8	25498.83237385812	0.0
2.2400000000000014E-12	5.164998198521841E-8	7.071446437904307E-8	25237.27574979362	0.0
2.2500000000000015E-12	5.189156534168361E-8	7.064555391738367E-8	25012.29093514056	0.0
2.2600000000000017E-12	5.213074866189611E-8	7.05758330104817E-8	24819.602654391394	0.0
2.270000000000002E-12	5.236791245505784E-8	7.050557658220943E-8	24654.00265503593	0.0
2.280000000000002E-12	5.2603362214869793E-8	7.043496567627846E-8	24510.622900774477	0.0
2.290000000000002E-12	5.283734122837062E-8	7.036412129159133E-8	24385.298436787358	0.0
2.3000000000000023E-12	5.307004291348201E-8	7.029312543380436E-8	24274.587010524756	0.0
2.3100000000000025E-12	5.330162110290645E-8	7.02220342852779E-8	24175.67631505792	0.0
2.3200000000000026E-12	5.3532198135848874E-8	7.015088654128232E-8	24086.268080612048	0.0
2.3300000000000028E-12	5.376187106253996E-8	7.007970875624689E-8	24004.47054577127	0.0
2.340000000000003E-12	5.3990716342990764E-8	7.00085188110817E-8	23928.708051040434	0.0
2.350000000000003E-12	5.421879337904844E-8	6.99373281751335E-8	23857.648017042353	0.0
2.3600000000000033E-12	5.4446147149463596E-8	6.986614337480926E-8	23790.142848103562	0.0
2.3700000000000034E-12	5.467281015220682E-8	6.979496692257494E-8	23725.18381074327	0.0
2.3800000000000036E-12	5.4898803804848974E-8	6.972379786213099E-8	23661.864239263887	0.0
2.3900000000000038E-12	5.5124139412776796E-8	6.96526320230946E-8	23599.349954476987	0.0
2.400000000000004E-12	5.534881878449615E-8	6.958146203674616E-8	23536.855349299007	0.0
2.410000000000004E-12	5.557283455129162E-8	6.951027713444548E-8	23473.624153949542	0.0
2.4200000000000042E-12	5.579617023366997E-8	6.94390627266614E-8	23408.91447123051	0.0
2.4300000000000044E-12	5.6018800088800654E-8	6.936779973960191E-8	23341.98833617843	0.0
2.4400000000000045E-12	5.624068877216655E-8	6.929646366582242E-8	23272.106905500605	0.0
2.4500000000000047E-12	5.646179085486099E-8	6.922502326355952E-8	23198.53355946147	0.0
2.460000000000005E-12	5.668205025934476E-8	6.915343881677801E-8	23120.548880394454	0.0
2.470000000000005E-12	5.6901399717524686E-8	6.908165984613994E-8	23037.48385530487	0.0
2.480000000000005E-12	5.71197604254521E-8	6.900962214669683E-8	22948.7808679332	0.0
2.4900000000000053E-12	5.733704218153534E-8	6.893724403558973E-8	22854.095928411483	0.0
2.5000000000000055E-12	5.755314446294467E-8	6.886442175128954E-8	22753.459109193125	0.0
2.5100000000000057E-12	5.776795912161639E-8	6.879102410636558E-8	22647.510339186792	0.0
2.520000000000006E-12	5.798137563787521E-8	6.87168868379901E-8	22537.81795589296	0.0
2.530000000000006E-12	5.819329004829734E-8	6.864180771939166E-8	22427.256192415516	0.0
2.540000000000006E-12	5.840361851344771E-8	6.856554443539925E-8	22320.351413961052	0.0
2.5500000000000063E-12	5.8612315585151695E-8	6.848781830949464E-8	22223.40464828987	0.0
2.5600000000000065E-12	5.8819395135825157E-8	6.840832753503123E-8	22144.105555015496	0.0
2.5700000000000066E-12	5.902494875312929E-8	6.832677235275025E-8	22090.392885261997	0.0
2.5800000000000068E-12	5.922915373721362E-8	6.824289046900064E-8	22068.63175685879	0.0
2.590000000000007E-12	5.94322636302119E-8	6.815649469841953E-8	22081.719210561827	0.0
2.600000000000007E-12	5.96345803552978E-8	6.806750039418368E-8	22128.07462046641	0.0
2.6100000000000073E-12	5.983641582211974E-8	6.797593250547823E-8	22202.130209503466	0.0
2.6200000000000074E-12	6.00380557579584E-8	6.788191094877557E-8	22296.04058493941	0.0
2.6300000000000076E-12	6.023973581373655E-8	6.778562206123793E-8	22401.672317601024	0.0
2.6400000000000077E-12	6.044163271920424E-8	6.768728711769451E-8	22512.039710891888	0.0
2.650000000000008E-12	6.064386718864388E-8	6.758713605796586E-8	22621.920922217527	0.0
2.660000000000008E-12	6.084651315807179E-8	6.74853896460614E-8	22727.844315925166	0.0
2.6700000000000082E-12	6.10496088238613E-8	6.738224959247875E-8	22827.762864571923	0.0
2.6800000000000084E-12	6.125316682509412E-8	6.727789457515255E-8	22920.656175034273	0.0
2.6900000000000085E-12	6.145718249191092E-8	6.717247996259702E-8	23006.180803801657	0.0
2.7000000000000087E-12	6.166164002307578E-8	6.706613953187826E-8	23084.406032990264	0.0
2.710000000000009E-12	6.186651687694303E-8	6.695898805775319E-8	23155.631293431128	0.0
2.720000000000009E-12	6.207178677589776E-8	6.685112411655848E-8	23220.267622262014	0.0
2.730000000000009E-12	6.227742169903573E-8	6.674263276255567E-8	23278.764572158234	0.0
2.7400000000000093E-12	6.248339316482652E-8	6.663358792403049E-8	23331.567481323942	0.0
2.7500000000000095E-12	6.268967302840053E-8	6.652405447155607E-8	23379.094175621063	0.0
2.7600000000000096E-12	6.289623395306266E-8	6.641408996419003E-8	23421.7236720735	0.0
2.77000000000001E-12	6.310304966600967E-8	6.630374610323643E-8	23459.79202673948	0.0
2.78000000000001E-12	6.331009507239347E-8	6.619306993129933E-8	23493.59223980483	0.0
2.79000000000001E-12	6.351734627687287E-8	6.608210481463664E-8	23523.376301474094	0.0
2.8000000000000103E-12	6.372478054478072E-8	6.597089124367103E-8	23549.35821851925	0.0
2.8100000000000104E-12	6.393237622369937E-8	6.585946748221618E-8	23571.717342438027	0.0
2.8200000000000106E-12	6.414011263886371E-8	6.574787009165291E-8	23590.601622630016	0.0
2.8300000000000108E-12	6.43479699711629E-8	6.563613435243056E-8	23606.130595699124	0.0
2.840000000000011E-12	6.455592912371556E-8	6.552429460204295E-8	23618.39803602419	0.0
2.850000000000011E-12	6.476397158143462E-8	6.541238450604792E-8	23627.474259145423	0.0
2.8600000000000112E-12	6.497207926724428E-8	6.530043727671233E-8	23633.40810479812	0.0
2.8700000000000114E-12	6.518023439835575E-8	6.518848585239678E-8	23636.22864129415	0.0
2.8800000000000116E-12	6.538841934603374E-8	6.507656304976934E-8	23635.94663476463	0.0
2.8900000000000117E-12	6.559661650244748E-8	6.496470170028449E-8	23632.55582110503	0.0
2.900000000000012E-12	6.580480815840603E-8	6.485293478201638E-8	23626.03401005041	0.0
2.910000000000012E-12	6.601297639599164E-8	6.474129555782982E-8	23616.34404413527	0.0
2.920000000000012E-12	6.622110300033518E-8	6.462981773094633E-8	23603.434634903504	0.0
2.9300000000000124E-12	6.642916939508762E-8	6.45185356291489E-8	23587.24110943018	0.0
2.9400000000000125E-12	6.663715660663855E-8	6.440748442909556E-8	23567.68612723312	0.0
2.9500000000000127E-12	6.684504526298682E-8	6.429670043239292E-8	23544.680476897545	0.0
2.960000000000013E-12	6.705281563459298E-8	6.418622140510498E-8	23518.124140166023	0.0
2.970000000000013E-12	6.726044772681552E-8	6.407608699207415E-8	23487.90792736466	0.0
2.980000000000013E-12	6.746792143697269E-8	6.396633921655573E-8	23453.91615241958	0.0
2.9900000000000133E-12	6.767521679403959E-8	6.385702307378992E-8	23416.0310411651	0.0
3.0000000000000135E-12	6.788231430584973E-8	6.374818722357192E-8	23374.139867142636	0.0
3.0100000000000136E-12	6.808919544771034E-8	6.363988478052898E-8	23328.146195911795	0.0
3.0200000000000138E-12	6.82958433376173E-8	6.353217418997516E-8	23277.987090795352	0.0
3.030000000000014E-12	6.850224365626588E-8	6.342512015938723E-8	23223.658655327516	0.0
3.040000000000014E-12	6.870838588316149E-8	6.331879458728057E-8	23165.25275291754	0.0
3.0500000000000143E-12	6.891426492958567E-8	6.32132773882996E-8	23103.00790504913	0.0
3.0600000000000144E-12	6.911988324764583E-8	6.310865705142432E-8	23037.37674195715	0.0
3.0700000000000146E-12	6.932525346946478E-8	6.300503068539234E-8	22969.1101418033	0.0
3.0800000000000147E-12	6.953040156249016E-8	6.290250320700382E-8	22899.353171901494	0.0
3.090000000000015E-12	6.973537035169E-8	6.280118523478576E-8	22829.738917650233	0.0
3.100000000000015E-12	6.994022303677098E-8	6.270118921000976E-8	22762.452989861842	0.0
3.1100000000000152E-12	7.014504602820135E-8	6.260262336036698E-8	22700.226657442763	0.0
3.1200000000000154E-12	7.034995010756664E-8	6.250558345009039E-8	22646.208342618684	0.0
3.1300000000000155E-12	7.055506874863087E-8	6.241014288863398E-8	22603.67553330109	0.0
3.1400000000000157E-12	7.076055265460015E-8	6.231634261936073E-8	22575.59477780451	0.0
3.150000000000016E-12	7.096656035834872E-8	6.22241829612684E-8	22564.112125342686	0.0
3.160000000000016E-12	7.117324599688475E-8	6.213361972853645E-8	22570.125033114353	0.0
3.170000000000016E-12	7.13807465937586E-8	6.204456613298684E-8	22593.094996761254	0.0
3.1800000000000163E-12	7.15891716503035E-8	6.195690034505009E-8	22631.179803203377	0.0
3.1900000000000165E-12	7.179859718243631E-8	6.187047690296183E-8	22681.633198553453	0.0
3.2000000000000167E-12	7.200906486943517E-8	6.178513926837517E-8	22741.320510846224	0.0
3.210000000000017E-12	7.22205854979622E-8	6.170073104967124E-8	22807.18724936158	0.0
3.220000000000017E-12	7.243314504246952E-8	6.16171043979054E-8	22876.580236369653	0.0
3.230000000000017E-12	7.264671166054918E-8	6.153412519225086E-8	22947.40160083943	0.0
3.2400000000000173E-12	7.286124232433546E-8	6.145167542027232E-8	23018.13039972823	0.0
3.2500000000000175E-12	7.307668838994062E-8	6.13696535069667E-8	23087.764333156196	0.0
3.2600000000000176E-12	7.329299988546518E-8	6.128797336292546E-8	23155.727211891488	0.0
3.2700000000000178E-12	7.351012859548118E-8	6.120656277128402E-8	23221.772313608948	0.0
3.280000000000018E-12	7.372803015769014E-8	6.112536154112778E-8	23285.8973465684	0.0
3.290000000000018E-12	7.394666542080786E-8	6.104431968733895E-8	23348.27685466091	0.0
3.3000000000000183E-12	7.416600129217882E-8	6.096339577460864E-8	23409.212397759162	0.0
3.3100000000000184E-12	7.438601126316435E-8	6.088255548450957E-8	23469.098407670317	0.0
3.3200000000000186E-12	7.460667575861713E-8	6.080177041900124E-8	23528.400964859793	0.0
3.3300000000000187E-12	7.482798242205688E-8	6.072101713089118E-8	23587.646967128778	0.0
3.340000000000019E-12	7.504992642311001E-8	6.064027636327892E-8	23647.42174849396	0.0
3.350000000000019E-12	7.527251085842014E-8	6.05595324803049E-8	23708.37389787972	0.0
3.3600000000000192E-12	7.549574731085834E-8	6.047877307742488E-8	23771.22672373148	0.0
3.3700000000000194E-12	7.571965663392947E-8	6.039798876960665E-8	23836.79649940691	0.0
3.3800000000000195E-12	7.594427003891759E-8	6.031717317052651E-8	23906.01833782534	0.0
3.3900000000000197E-12	7.616963058266305E-8	6.023632309681085E-8	23979.981339585305	0.0
3.40000000000002E-12	7.639579518632319E-8	6.015543906241963E-8	24059.975606504613	0.0
3.41000000000002E-12	7.66228373641017E-8	6.007452617634067E-8	24147.554879487616	0.0
3.42000000000002E-12	7.685085091188019E-8	5.999359563422512E-8	24244.61996935112	0.0
3.4300000000000203E-12	7.70799549073712E-8	5.99126671236748E-8	24353.529663189038	0.0
3.4400000000000205E-12	7.731030051556452E-8	5.98317726842008E-8	24477.246775265063	0.0
3.4500000000000206E-12	7.754208028168809E-8	5.975096295176358E-8	24619.525443595794	0.0
3.460000000000021E-12	7.777554081200653E-8	5.967031741535594E-8	24785.135805022965	0.0
3.470000000000021E-12	7.801099989263141E-8	5.958996158164216E-8	24980.08770629267	0.0
3.480000000000021E-12	7.82488688226668E-8	5.9510096250016113E-8	25211.71316148722	0.0
3.4900000000000213E-12	7.848967892010024E-8	5.9431048158155484E-8	25488.18890126141	0.0
3.5000000000000214E-12	7.87341045502949E-8	5.9353357577078524E-8	25816.382724847863	0.0
3.5100000000000216E-12	7.898295523890087E-8	5.927792429308207E-8	26195.448613747576	0.0
3.5200000000000218E-12	7.923706037564922E-8	5.920621999024852E-8	26602.001809323803	0.0
3.530000000000022E-12	7.949689167798285E-8	5.9140473364838386E-8	26967.363970192095	0.0
3.540000000000022E-12	7.976182170824282E-8	5.90834390227583E-8	27173.36423151531	0.0
3.5500000000000222E-12	8.002955896789251E-8	5.903720979674975E-8	27118.658678456068	0.0
3.5600000000000224E-12	8.029696534473318E-8	5.900176708136013E-8	26823.596270447928	0.0
3.5700000000000226E-12	8.05617399069475E-8	5.8975175318072614E-8	26416.16418062766	0.0
3.5800000000000227E-12	8.082298944202508E-8	5.895501790584854E-8	26008.96326966335	0.0
3.590000000000023E-12	8.108073316461226E-8	5.8939313961383255E-8	25649.693270675485	0.0
3.600000000000023E-12	8.133535226094361E-8	5.892667670453623E-8	25346.484901106785	0.0
3.610000000000023E-12	8.158729991799143E-8	5.8916184121668284E-8	25093.507479477714	0.0
3.6200000000000233E-12	8.183699173036545E-8	5.8907226086454005E-8	24881.974430041133	0.0
3.6300000000000235E-12	8.208477709349585E-8	5.889939259114427E-8	24703.66668972009	0.0
3.640000000000023E-12	8.233094013448433E-8	5.88924015930025E-8	24551.768449231506	0.0
3.6500000000000234E-12	8.25757091651719E-8	5.8886053970301416E-8	24420.854825979644	0.0
3.6600000000000236E-12	8.281926710472117E-8	5.88802053882154E-8	24306.658341339866	0.0
3.670000000000024E-12	8.306176055132884E-8	5.8874748467718274E-8	24205.816142764685	0.0
3.680000000000024E-12	8.330330705896827E-8	5.88696012500051E-8	24115.654603837418	0.0
3.690000000000024E-12	8.354400077681847E-8	5.88646995604962E-8	24034.01976007647	0.0
3.700000000000024E-12	8.37839167510345E-8	5.885999183088508E-8	23959.1477109832	0.0
3.710000000000024E-12	8.402311417753963E-8	5.88554354981469E-8	23889.56630646183	0.0
3.7200000000000245E-12	8.42616388422358E-8	5.885099443076152E-8	23824.020199654697	0.0
3.730000000000025E-12	8.449952492962983E-8	5.884663703076106E-8	23761.412926097284	0.0
3.740000000000025E-12	8.473679633350621E-8	5.884233478050122E-8	23700.761170193222	0.0
3.750000000000025E-12	8.497346756558317E-8	5.883806107660108E-8	23641.157577348593	0.0
3.760000000000025E-12	8.520954432873863E-8	5.8833790238253555E-8	23581.739357768616	0.0
3.770000000000025E-12	8.544502379844666E-8	5.8829496603379436E-8	23521.660562426325	0.0
3.7800000000000255E-12	8.567989463775461E-8	5.88251536396941E-8	23460.066359644483	0.0
3.790000000000026E-12	8.591413675609471E-8	5.882073300172105E-8	23396.067966676477	0.0
3.800000000000026E-12	8.614772080958974E-8	5.881620346030367E-8	23328.71716205512	0.0
3.810000000000026E-12	8.638060743000806E-8	5.881152961798855E-8	23256.97960710492	0.0
3.820000000000026E-12	8.661274616176258E-8	5.8806670300230027E-8	23179.70667186931	0.0
3.830000000000026E-12	8.684407408342872E-8	5.880157647580187E-8	23095.606323693974	0.0
3.8400000000000265E-12	8.707451409698428E-8	5.879618850579488E-8	23003.2153201564	0.0
3.850000000000027E-12	8.730397289419367E-8	5.879043244366379E-8	22900.8782353965	0.0
3.860000000000027E-12	8.753233867445394E-8	5.8784215003733646E-8	22786.745166054385	0.0
3.870000000000027E-12	8.775947882807816E-8	5.877741668202458E-8	22658.811806519767	0.0
3.880000000000027E-12	8.798523807850673E-8	5.8769882368508663E-8	22515.046979616804	0.0
3.890000000000027E-12	8.820943810602643E-8	5.8761408700669224E-8	22353.68900181054	0.0
3.9000000000000274E-12	8.843188061542158E-8	5.875172756164923E-8	22173.84664643097	0.0
3.9100000000000276E-12	8.865235732221196E-8	5.874048596729016E-8	21976.59998861898	0.0
3.920000000000028E-12	8.887067232730639E-8	5.872722500865194E-8	21766.792873401715	0.0
3.930000000000028E-12	8.90866837467083E-8	5.871136585994599E-8	21555.44743995073	0.0
3.940000000000028E-12	8.930036879032863E-8	5.869221975662261E-8	21361.877613747114	0.0
3.950000000000028E-12	8.951190334966057E-8	5.866904707707039E-8	21213.08049830635	0.0
3.960000000000028E-12	8.972172069582615E-8	5.8641183124662846E-8	21137.309910617074	0.0
3.9700000000000285E-12	8.993049308249492E-8	5.860820614147478E-8	21152.14264561284	0.0
3.980000000000029E-12	9.013900825069597E-8	5.8570064344562284E-8	21254.60413105637	0.0
3.990000000000029E-12	9.034799340123696E-8	5.852707800262742E-8	21422.550010894625	0.0
4.000000000000029E-12	9.055798503732878E-8	5.847982008107418E-8	21626.281964688707	0.0
4.010000000000029E-12	9.076929478843583E-8	5.8428959197098773E-8	21840.124325223394	0.0
4.020000000000029E-12	9.098204722237136E-8	5.837514045379066E-8	22047.248183191354	0.0
4.0300000000000295E-12	9.11962415561963E-8	5.831892518778419E-8	22238.93037804074	0.0
4.04000000000003E-12	9.14118062363013E-8	5.826077484443605E-8	22411.90876994428	0.0
4.05000000000003E-12	9.162863684437748E-8	5.820105784515081E-8	22565.991111305237	0.0
4.06000000000003E-12	9.184661895239775E-8	5.814006478771997E-8	22702.467771161242	0.0
4.07000000000003E-12	9.206564049876424E-8	5.8078024527672985E-8	22823.205381050662	0.0
4.08000000000003E-12	9.228559774931736E-8	5.8015118220517714E-8	22930.179071659375	0.0
4.0900000000000304E-12	9.25063976372454E-8	5.79514906242234E-8	23025.254472887398	0.0
4.1000000000000306E-12	9.272795819173798E-8	5.7887258854543195E-8	23110.10178608262	0.0
4.110000000000031E-12	9.295020803435512E-8	5.782251905229721E-8	23186.175450432824	0.0
4.120000000000031E-12	9.317308547768966E-8	5.7757351433540885E-8	23254.72388320471	0.0
4.130000000000031E-12	9.339653750521074E-8	5.769182412129885E-8	23316.811082941327	0.0
4.140000000000031E-12	9.362051876906232E-8	5.762599607089696E-8	23373.34115769808	0.0
4.150000000000031E-12	9.384499066569768E-8	5.7559919324207874E-8	23425.081663501183	0.0
4.1600000000000315E-12	9.406992050875685E-8	5.749364076712E-8	23472.684077486407	0.0
4.170000000000032E-12	9.429528079805148E-8	5.7427203518286865E-8	23516.700919703195	0.0
4.180000000000032E-12	9.45210485736779E-8	5.7360648042854706E-8	23557.59958463348	0.0
4.190000000000032E-12	9.47472048400475E-8	5.7294013059448714E-8	23595.773168950698	0.0
4.200000000000032E-12	9.49737340432452E-8	5.722733628974152E-8	23631.548654335616	0.0
4.210000000000032E-12	9.520062358515456E-8	5.71606550855037E-8	23665.19281160457	0.0
4.2200000000000325E-12	9.542786335851464E-8	5.7094006956707233E-8	23696.916181749733	0.0
4.230000000000033E-12	9.56554452882308E-8	5.7027430014974275E-8	23726.875486062014	0.0
4.240000000000033E-12	9.588336286584825E-8	5.696096333870897E-8	23755.174835349557	0.0
4.250000000000033E-12	9.611161066629137E-8	5.689464725916518E-8	23781.86615465415	0.0
4.260000000000033E-12	9.634018383906837E-8	5.682852356029545E-8	23806.94931637094	0.0
4.270000000000033E-12	9.656907757049065E-8	5.676263557957689E-8	23830.372575906316	0.0
4.2800000000000335E-12	9.679828651938603E-8	5.6697028192498994E-8	23852.034014920584	0.0
4.290000000000034E-12	9.702780423646946E-8	5.66317476607183E-8	23871.78479004442	0.0
4.300000000000034E-12	9.725762258683284E-8	5.6566841324001284E-8	23889.43501772916	0.0
4.310000000000034E-12	9.748773120527046E-8	5.650235712009378E-8	23904.76304503139	0.0
4.320000000000034E-12	9.771811702403222E-8	5.6438342925542104E-8	23917.528606587417	0.0
4.330000000000034E-12	9.79487639200353E-8	5.637484572466198E-8	23927.48991256063	0.0
4.3400000000000344E-12	9.81796525309973E-8	5.631191063266607E-8	23934.424058060835	0.0
4.3500000000000346E-12	9.841076028485036E-8	5.624957982031386E-8	23938.149368134953	0.0
4.360000000000035E-12	9.86420616725318E-8	5.618789140770047E-8	23938.54754906164	0.0
4.370000000000035E-12	9.887352877106637E-8	5.612687840930457E-8	23935.583016502278	0.0
4.380000000000035E-12	9.910513199450816E-8	5.606656781667675E-8	23929.31671782154	0.0
4.390000000000035E-12	9.933684101991821E-8	5.6006979896375584E-8	23919.912273276346	0.0
4.400000000000035E-12	9.95686258104799E-8	5.594812775917271E-8	23907.633283862862	0.0
4.4100000000000355E-12	9.980045764383961E-8	5.589001722578888E-8	23892.831977228325	0.0
4.420000000000036E-12	1.0003231005403921E-7	5.58326469806765E-8	23875.93066505414	0.0
4.430000000000036E-12	1.0026415960964615E-7	5.577600897547224E-8	23857.3984512267	0.0
4.440000000000036E-12	1.0049598647521917E-7	5.572008902309543E-8	23837.726063825095	0.0
4.450000000000036E-12	1.0072777473244357E-7	5.5664867514561044E-8	23817.4015615794	0.0
4.460000000000036E-12	1.0095951246536988E-7	5.5610320192759065E-8	23796.88911424132	0.0
4.4700000000000365E-12	1.0119119163680857E-7	5.555641892774771E-8	23776.612281762464	0.0
4.480000000000037E-12	1.014228077977955E-7	5.5503132452565435E-8	23756.94242159766	0.0
4.490000000000037E-12	1.0165435967889983E-7	5.5450427033533595E-8	23738.192181014823	0.0
4.500000000000037E-12	1.0188584871218543E-7	5.539826706192796E-8	23720.613551228893	0.0
4.510000000000037E-12	1.0211727852775922E-7	5.5346615563479654E-8	23704.399679213177	0.0
4.520000000000037E-12	1.0234865446104058E-7	5.529543462826653E-8	23689.689520242297	0.0
4.5300000000000374E-12	1.0257998309788702E-7	5.524468576672726E-8	23676.574424351544	0.0
4.540000000000038E-12	1.0281127187579753E-7	5.5194330198629E-8	23665.105838777734	0.0
4.550000000000038E-12	1.0304252875142136E-7	5.514432908170142E-8	23655.303439991334	0.0
4.560000000000038E-12	1.0327376193798084E-7	5.509464368599635E-8	23647.163156557774	0.0
4.570000000000038E-12	1.0350497971112903E-7	5.504523551929128E-8	23640.66468947804	0.0
4.580000000000038E-12	1.0373619027815968E-7	5.499606640825886E-8	23635.778267993683	0.0
4.590000000000038E-12	1.0396740170319081E-7	5.494709853974458E-8	23632.470489102925	0.0
4.6000000000000386E-12	1.0419862187970548E-7	5.4898294466306455E-8	23630.709174936605	0.0
4.610000000000039E-12	1.0442985854138263E-7	5.484961708010441E-8	23630.467243232844	0.0
4.620000000000039E-12	1.046611193022229E-7	5.480102955921026E-8	23631.725624049883	0.0
4.630000000000039E-12	1.0489241171733369E-7	5.475249529038273E-8	23634.475273562104	0.0
4.640000000000039E-12	1.0512374335619141E-7	5.470397777228129E-8	23638.718337028604	0.0
4.650000000000039E-12	1.0535512188059552E-7	5.465544050296801E-8	23644.468501766787	0.0
4.6600000000000395E-12	1.055865551197638E-7	5.460684685537756E-8	23651.750561037414	0.0
4.67000000000004E-12	1.0581805113502572E-7	5.455815994425215E-8	23660.59918467172	0.0
4.68000000000004E-12	1.0604961826632304E-7	5.4509342487884656E-8	23671.05686522966	0.0
4.69000000000004E-12	1.0628126515223008E-7	5.446035666795448E-8	23683.17098242962	0.0
4.70000000000004E-12	1.0651300071450308E-7	5.441116399086127E-8	23696.98990649558	0.0
4.71000000000004E-12	1.0674483409733854E-7	5.436172515437627E-8	23712.558046232396	0.0
4.7200000000000405E-12	1.0697677455069096E-7	5.4311999924284086E-8	23729.909744176362	0.0
4.730000000000041E-12	1.0720883124635924E-7	5.42619470271575E-8	23749.06193460543	0.0
4.740000000000041E-12	1.0744101301535952E-7	5.4211524067692123E-8	23770.005518211507	0.0
4.750000000000041E-12	1.0767332799572817E-7	5.4160687482319235E-8	23792.695480413742	0.0
4.760000000000041E-12	1.0790578318182972E-7	5.410939254524058E-8	23817.03990252109	0.0
4.770000000000041E-12	1.08138383870109E-7	5.405759344855593E-8	23842.888202830647	0.0
4.7800000000000414E-12	1.0837113300277593E-7	5.4005243484444355E-8	23870.019214701173	0.0
4.7900000000000416E-12	1.0860403042094216E-7	5.3952295363582855E-8	23898.130070076928	0.0
4.800000000000042E-12	1.088370720528884E-7	5.38987017086116E-8	23926.82729968664	0.0
4.810000000000042E-12	1.0907024908157477E-7	5.384441576211264E-8	23955.62203672097	0.0
4.820000000000042E-12	1.0930354715729752E-7	5.378939234210495E-8	23983.931610866282	0.0
4.830000000000042E-12	1.0953694574390335E-7	5.373358906100329E-8	24011.089962090035	0.0
4.840000000000042E-12	1.0977041770526089E-7	5.3676967793639733E-8	24036.368946008166	0.0
4.8500000000000425E-12	1.1000392924557039E-7	5.361949633611858E-8	24059.011506298295	0.0
4.860000000000043E-12	1.1023744030434215E-7	5.356115014433446E-8	24078.27574687919	0.0
4.870000000000043E-12	1.1047090546806842E-7	5.350191398920548E-8	24093.48633387582	0.0
4.880000000000043E-12	1.107042753951395E-7	5.3441783330440526E-8	24104.086985428978	0.0
4.890000000000043E-12	1.1093749866714883E-7	5.338076520838437E-8	24109.68599181522	0.0
4.900000000000043E-12	1.1117052389689232E-7	5.3318878494713924E-8	24110.086683725924	0.0
4.9100000000000435E-12	1.1140330186467342E-7	5.325615342536928E-8	24105.296983614906	0.0
4.920000000000044E-12	1.1163578743965605E-7	5.3192630445888433E-8	24095.516221589533	0.0
4.930000000000044E-12	1.1186794107865061E-7	5.3128358502812184E-8	24081.102040906397	0.0
4.940000000000044E-12	1.1209972977082125E-7	5.3063392987884775E-8	24062.52393437488	0.0
4.950000000000044E-12	1.1233112739076315E-7	5.299779356831421E-8	24040.31164445416	0.0
4.960000000000044E-12	1.1256211450880125E-7	5.293162211643234E-8	24015.00611335342	0.0
4.9700000000000445E-12	1.1279267776762508E-7	5.286494089924943E-8	23987.118502208934	0.0
4.980000000000045E-12	1.1302280896155618E-7	5.279781112200451E-8	23957.10001469834	0.0
4.990000000000045E-12	1.1325250395250342E-7	5.273029185724197E-8	23925.322754755034	0.0
5.000000000000045E-12	1.1348176153466998E-7	5.266243934300222E-8	23892.070121581484	0.0
5.010000000000045E-12	1.1371058232905004E-7	5.259430660402004E-8	23857.534389228746	0.0
5.020000000000045E-12	1.1393896775717571E-7	5.252594333674057E-8	23821.81895839329	0.0
5.0300000000000454E-12	1.1416691911651477E-7	5.24573959982594E-8	23784.943036073593	0.0
5.0400000000000456E-12	1.1439443675936887E-7	5.238870804629915E-8	23746.846949403647	0.0
5.050000000000046E-12	1.146215193629593E-7	5.2319920288178286E-8	23707.396762458695	0.0
5.060000000000046E-12	1.1484816326938867E-7	5.225107130876452E-8	23666.387244343918	0.0
5.070000000000046E-12	1.150743618687282E-7	5.2182197959168354E-8	23623.542494717658	0.0
5.080000000000046E-12	1.1530010499504268E-7	5.211333589887601E-8	23578.5136624446	0.0
5.090000000000046E-12	1.1552537830237465E-7	5.2044520194251005E-8	23530.873200343096	0.0
5.1000000000000465E-12	1.1575016258443199E-7	5.197578598640809E-8	23480.10498945056	0.0
5.110000000000047E-12	1.1597443299695779E-7	5.190716925230282E-8	23425.589436418337	0.0
5.120000000000047E-12	1.161981581345255E-7	5.183870769579002E-8	23366.582279313658	0.0
5.130000000000047E-12	1.1642129890268143E-7	5.177044182222892E-8	23302.18529170899	0.0
5.140000000000047E-12	1.1664380711054121E-7	5.170241627365364E-8	23231.30628679485	0.0
5.150000000000047E-12	1.1686562368625326E-7	5.163468153572129E-8	23152.604690388645	0.0
5.1600000000000475E-12	1.1708667638561251E-7	5.156729617916105E-8	23064.417325168313	0.0
5.170000000000048E-12	1.1730687681918911E-7	5.150032987800975E-8	22964.65672578914	0.0
5.180000000000048E-12	1.1752611656160941E-7	5.1433867572490726E-8	22850.67104835866	0.0
5.190000000000048E-12	1.177442620244588E-7	5.1368015346602363E-8	22719.050284511206	0.0
5.200000000000048E-12	1.1796114767211701E-7	5.130290892230642E-8	22565.35834368565	0.0
5.210000000000048E-12	1.1817656705332989E-7	5.123872622590523E-8	22383.766644268082	0.0
5.2200000000000484E-12	1.1839026107264547E-7	5.117570641717734E-8	22166.569634853793	0.0
5.230000000000049E-12	1.186019031296131E-7	5.111417935256137E-8	21903.600078615902	0.0
5.240000000000049E-12	1.188110817671654E-7	5.105461206510645E-8	21581.70363569848	0.0
5.250000000000049E-12	1.1901728480733913E-7	5.099768280552824E-8	21184.881145823358	0.0
5.260000000000049E-12	1.192198984621702E-7	5.094439760464321E-8	20696.98017502286	0.0
5.270000000000049E-12	1.1941825903986537E-7	5.089626222921104E-8	20111.879129244622	0.0
5.280000000000049E-12	1.196118446280613E-7	5.085548516925064E-8	19460.677416093164	0.0
5.2900000000000496E-12	1.198007442310564E-7	5.082503812133766E-8	18859.38621983859	0.0
5.30000000000005E-12	1.1998638304991778E-7	5.080809556251988E-8	18525.758934197365	0.0
5.31000000000005E-12	1.2017176406762636E-7	5.0806470887975757E-8	18644.806054256147	0.0
5.32000000000005E-12	1.203602111787404E-7	5.08192424504157E-8	19157.773129889803	0.0
5.33000000000005E-12	1.2055368824022327E-7	5.084345453021965E-8	19822.664139170898	0.0
5.34000000000005E-12	1.2075256279347743E-7	5.087588932461488E-8	20454.648482896326	0.0
5.3500000000000505E-12	1.2095633340509968E-7	5.0914022466513794E-8	20989.273645345096	0.0
5.360000000000051E-12	1.2116424666701362E-7	5.0956113981174765E-8	21424.48771457082	0.0
5.370000000000051E-12	1.2137557945421265E-7	5.100101134333722E-8	21776.360911437674	0.0
5.380000000000051E-12	1.2158972363762506E-7	5.104795031998905E-8	22062.50608761499	0.0
5.390000000000051E-12	1.218061919202857E-7	5.1096414657669325E-8	22297.712452678687	0.0
5.400000000000051E-12	1.2202460000414778E-7	5.114604672346089E-8	22493.465372553976	0.0
5.4100000000000515E-12	1.22244645412863E-7	5.119659199175031E-8	22658.46724276768	0.0
5.420000000000052E-12	1.2246608909635536E-7	5.124786439132998E-8	22799.287120878274	0.0
5.430000000000052E-12	1.226887409318352E-7	5.129972429978582E-8	22920.911780826216	0.0
5.440000000000052E-12	1.2291244871003902E-7	5.1352064256206915E-8	23027.165462673503	0.0
5.450000000000052E-12	1.2313708987640726E-7	5.140479946053591E-8	23121.01734752891	0.0
5.460000000000052E-12	1.233625653504531E-7	5.1457861300028945E-8	23204.80389266022	0.0
5.4700000000000524E-12	1.2358879488556726E-7	5.151119282869746E-8	23280.38942084387	0.0
5.4800000000000526E-12	1.238157135658432E-7	5.156474553039799E-8	23349.28263106098	0.0
5.490000000000053E-12	1.240432691440136E-7	5.161847693912035E-8	23412.721706970005	0.0
5.500000000000053E-12	1.2427142000472838E-7	5.167234883841018E-8	23471.736924647827	0.0
5.510000000000053E-12	1.2450013359524826E-7	5.172632585418997E-8	23527.196952180555	0.0
5.520000000000053E-12	1.2472938520664398E-7	5.178037431371784E-8	23579.843124758405	0.0
5.530000000000053E-12	1.249591570172405E-7	5.183446128110152E-8	23630.314633459915	0.0
5.5400000000000535E-12	1.2518943732959687E-7	5.1888553704523924E-8	23679.166605041206	0.0
5.550000000000054E-12	1.2542021994503786E-7	5.194261762701616E-8	23726.882347164563	0.0
5.560000000000054E-12	1.256515036271658E-7	5.199661742442469E-8	23773.88050271098	0.0
5.570000000000054E-12	1.258832916088549E-7	5.20505150434312E-8	23820.517443629105	0.0
5.580000000000054E-12	1.261155910966075E-7	5.2104269220936604E-8	23867.084911165948	0.0
5.590000000000054E-12	1.2634841272234724E-7	5.2157834675557734E-8	23913.802673699603	0.0
5.6000000000000545E-12	1.2658176988638766E-7	5.2211161274275315E-8	23960.805855236114	0.0
5.610000000000055E-12	1.2681567792760146E-7	5.226419319452387E-8	24008.12665599774	0.0
5.620000000000055E-12	1.270501530498911E-7	5.231686812649148E-8	24055.67055893746	0.0
5.630000000000055E-12	1.272852109317945E-7	5.236911659407916E-8	24103.18795891809	0.0
5.640000000000055E-12	1.2752086495469605E-7	5.242086151649262E-8	24150.243653739308	0.0
5.650000000000055E-12	1.2775712401361306E-7	5.247201818313121E-8	24196.18892633216	0.0
5.6600000000000555E-12	1.2799398993362908E-7	5.252249486338313E-8	24240.143917192498	0.0
5.670000000000056E-12	1.2823145461376072E-7	5.25721943017438E-8	24281.00101817216	0.0
5.680000000000056E-12	1.284694971582419E-7	5.262101632822265E-8	24317.46171123047	0.0
5.690000000000056E-12	1.2870808141275224E-7	5.2668861709410275E-8	24348.117448296412	0.0
5.700000000000056E-12	1.289471544504451E-7	5.27156371521772E-8	24371.577598635453	0.0
5.710000000000056E-12	1.2918664657395034E-7	5.276126106225385E-8	24386.63364618173	0.0
5.7200000000000564E-12	1.2942647324106426E-7	5.280566932864555E-8	24392.431954100004	0.0
5.7300000000000566E-12	1.2966653896420697E-7	5.2848820185452604E-8	24388.61506589011	0.0
5.740000000000057E-12	1.299067427584519E-7	5.28906972328051E-8	24375.392311162734	0.0
5.750000000000057E-12	1.3014698429396628E-7	5.293131003021082E-8	24353.517904338776	0.0
5.760000000000057E-12	1.3038716972780718E-7	5.297069221487726E-8	24324.1826324905	0.0
5.770000000000057E-12	1.3062721632512853E-7	5.300889763881444E-8	24288.850451456146	0.0
5.780000000000057E-12	1.308670553561336E-7	5.3045995360674986E-8	24249.082335704	0.0
5.7900000000000575E-12	1.3110663319977474E-7	5.30820643847299E-8	24206.38407869984	0.0
5.800000000000058E-12	1.3134591093525625E-7	5.311718886059867E-8	24162.098853704527	0.0
5.810000000000058E-12	1.3158486287982948E-7	5.315145416908887E-8	24117.348483921378	0.0
5.820000000000058E-12	1.3182347454789845E-7	5.318494404136018E-8	24073.01577724889	0.0
5.830000000000058E-12	1.320617404220967E-7	5.32177386582113E-8	24029.75543122161	0.0
5.840000000000058E-12	1.3229966180555803E-7	5.3249913567630864E-8	23988.021218758342	0.0
5.8500000000000585E-12	1.3253724490979113E-7	5.328153922378167E-8	23948.099890762056	0.0
5.860000000000059E-12	1.3277449924453818E-7	5.331268096145045E-8	23910.14551263544	0.0
5.870000000000059E-12	1.330114363181729E-7	5.3343399252407885E-8	23874.21074741184	0.0
5.880000000000059E-12	1.3324806862461762E-7	5.337375012789077E-8	23840.27358028794	0.0
5.890000000000059E-12	1.33484408878053E-7	5.340378568587871E-8	23808.259202729485	0.0
5.900000000000059E-12	1.3372046945313403E-7	5.343355462956459E-8	23778.057430805893	0.0
5.9100000000000594E-12	1.3395626199099637E-7	5.346310280395214E-8	23749.536319811632	0.0
5.9200000000000596E-12	1.3419179713674976E-7	5.349247371176485E-8	23722.55270994848	0.0
5.93000000000006E-12	1.3442708438045592E-7	5.352170899914608E-8	23696.96039980996	0.0
5.94000000000006E-12	1.3466213197973854E-7	5.3550848907253296E-8	23672.61655839704	0.0
5.95000000000006E-12	1.348969469476921E-7	5.357993268884994E-8	23649.38688645164	0.0
5.96000000000006E-12	1.3513153509447088E-7	5.360899899016346E-8	23627.149939846076	0.0
5.97000000000006E-12	1.3536590111482927E-7	5.3638086198156073E-8	23605.800936617714	0.0
5.9800000000000605E-12	1.356000487169744E-7	5.3667232752314435E-8	23585.25528390327	0.0
5.990000000000061E-12	1.358339807904064E-7	5.36964774183462E-8	23565.45197720677	0.0
6.000000000000061E-12	1.3606769961194077E-7	5.37258595189456E-8	23546.356936431537	0.0
6.010000000000061E-12	1.36301207089764E-7	5.375541911420571E-8	23527.966245235853	0.0
6.020000000000061E-12	1.3653450504503992E-7	5.3785197121490936E-8	23510.309148388656	0.0
6.030000000000061E-12	1.3676759552910687E-7	5.381523536189861E-8	23493.450535298318	0.0
6.0400000000000615E-12	1.3700048117152136E-7	5.384557651821695E-8	23477.492502326488	0.0
6.050000000000062E-12	1.3723316555002914E-7	5.387626398806762E-8	23462.574456645292	0.0
6.060000000000062E-12	1.3746565356806106E-7	5.39073416163995E-8	23448.87112680569	0.0
6.070000000000062E-12	1.376979518189277E-7	5.393885329446498E-8	23436.587818697342	0.0
6.080000000000062E-12	1.37930068909309E-7	5.397084241860362E-8	23425.95234730088	0.0
6.090000000000062E-12	1.381620157091505E-7	5.400335121203158E-8	23417.203328984622	0.0
6.1000000000000625E-12	1.3839380549234907E-7	5.403641992623275E-8	23410.574959128495	0.0
6.110000000000063E-12	1.3862545393443654E-7	5.4070085954393326E-8	23406.279003934735	0.0
6.120000000000063E-12	1.3885697894130344E-7	5.410438290545222E-8	23404.485418026245	0.0
6.130000000000063E-12	1.3908840029731262E-7	5.413933970066335E-8	23405.30361031416	0.0
6.140000000000063E-12	1.3931973914085167E-7	5.417497976164773E-8	23408.7667323382	0.0
6.150000000000063E-12	1.3955101729760845E-7	5.421132035695335E-8	23414.82129083505	0.0
6.1600000000000634E-12	1.3978225652242878E-7	5.424837216203073E-8	23423.32381873623	0.0
6.1700000000000636E-12	1.4001347771501286E-7	5.4286139066562855E-8	23434.045349886725	0.0
6.180000000000064E-12	1.4024470017948982E-7	5.432461823687917E-8	23446.683247621815	0.0
6.190000000000064E-12	1.4047594099185042E-7	5.4363800414745896E-8	23460.878826462806	0.0
6.200000000000064E-12	1.4070721452373108E-7	5.4403670412084734E-8	23476.238443262366	0.0
6.210000000000064E-12	1.4093853214966338E-7	5.444420774754838E-8	23492.355465994613	0.0
6.220000000000064E-12	1.4116990214211482E-7	5.4485387366507664E-8	23508.83074869453	0.0
6.2300000000000645E-12	1.414013297385522E-7	5.4527180389801036E-8	23525.289817245943	0.0
6.240000000000065E-12	1.4163281735012814E-7	5.456955484602012E-8	23541.395711166864	0.0
6.250000000000065E-12	1.418643648735114E-7	5.4612476354159635E-8	23556.857150835633	0.0
6.260000000000065E-12	1.4209597006547107E-7	5.465590873554357E-8	23571.432283997714	0.0
6.270000000000065E-12	1.4232762894275188E-7	5.46998145443114E-8	23584.92865527091	0.0
6.280000000000065E-12	1.425593361758379E-7	5.474415551360288E-8	23597.20023995145	0.0
6.2900000000000655E-12	1.4279108545275813E-7	5.478889291986015E-8	23608.14242502829	0.0
6.300000000000066E-12	1.430228697968355E-7	5.4833987870766975E-8	23617.685754744994	0.0
6.310000000000066E-12	1.4325468182933113E-7	5.487940152384481E-8	23625.78913185394	0.0
6.320000000000066E-12	1.4348651397379865E-7	5.492509524318959E-8	23632.433015858944	0.0
6.330000000000066E-12	1.4371835860346022E-7	5.497103070171436E-8	23637.61301161565	0.0
6.340000000000066E-12	1.43950208136093E-7	5.501716993587378E-8	23641.334111036165	0.0
6.3500000000000664E-12	1.4418205508294605E-7	5.5063475359371116E-8	23643.605744861823	0.0
6.360000000000067E-12	1.444138920593368E-7	5.510990974187935E-8	23644.437722629547	0.0
6.370000000000067E-12	1.446457117650551E-7	5.515643615837938E-8	23643.837085746174	0.0
6.380000000000067E-12	1.4487750694277294E-7	5.520301791433692E-8	23641.805867760624	0.0
6.390000000000067E-12	1.4510927032251865E-7	5.524961845160248E-8	23638.339743355154	0.0
6.400000000000067E-12	1.4534099456008932E-7	5.529620123962806E-8	23633.427548889427	0.0
6.410000000000067E-12	1.455726721771541E-7	5.534272965635975E-8	23627.051668258166	0.0
6.4200000000000676E-12	1.4580429551081972E-7	5.5389166863012304E-8	23619.189294326487	0.0
6.430000000000068E-12	1.4603585668061004E-7	5.543547567689862E-8	23609.81459441829	0.0
6.440000000000068E-12	1.4626734758114503E-7	5.54816184466298E-8	23598.901824359567	0.0
6.450000000000068E-12	1.4649875990922948E-7	5.552755693439539E-8	23586.429445191123	0.0
6.460000000000068E-12	1.467300852344768E-7	5.557325221077008E-8	23572.38529490914	0.0
6.470000000000068E-12	1.4696131512283525E-7	5.5618664568679705E-8	23556.772848345303	0.0
6.4800000000000685E-12	1.4719244132222938E-7	5.566375346490212E-8	23539.618553887383	0.0
6.490000000000069E-12	1.4742345601867585E-7	5.570847749985837E-8	23520.980156794467	0.0
6.500000000000069E-12	1.4765435216929996E-7	5.5752794449476674E-8	23500.955794778496	0.0
6.510000000000069E-12	1.4788512391520928E-7	5.579666136645375E-8	23479.69347216648	0.0
6.520000000000069E-12	1.4811576707168723E-7	5.584003477192763E-8	23457.400278389385	0.0
6.530000000000069E-12	1.4834627968520646E-7	5.588287096170237E-8	23434.35041969312	0.0
6.5400000000000695E-12	1.4857666263610632E-7	5.5925126452582786E-8	23410.890805520903	0.0
6.55000000000007E-12	1.4880692025266055E-7	5.596675859248825E-8	23387.44263120017	0.0
6.56000000000007E-12	1.4903706088770513E-7	5.600772635091767E-8	23364.497226309326	0.0
6.57000000000007E-12	1.4926709739513625E-7	5.604799129223495E-8	23342.60453274103	0.0
6.58000000000007E-12	1.494970474338124E-7	5.608751871217773E-8	23322.35309104336	0.0
6.59000000000007E-1